11.559755900524978
10.155881315293687
8.494256510187721
9.936905459260407
6.627910464235913
6.627910464235913
6.062755537898608
6.627910464235913
10.140931175245365
10.140931175245365
10.140931175245365
10.140931175245365
10.140931175245365
12.8482776386681725
11.7061515490899564
23.36027670788647
22.91640099893861
9.001981565511512
9.001981565511512
9.001981565511512
9.001981565511512
24.62715917253747
23.9844555746032455
21.449000925413426
23.5264201864712317
25.03200963136096
27.336320209785448
22.409009725919985
2.490461504603234
7.728380180867988
1.6472209600381058
31.6472209600381058
31.6472209600381058
31.5995267097595356
13.999518777719539
13.999518777719539
20.82893250246938
18.584138029053932
13.999518777719539
7.402858146302615
7.310906474167241
7.914331486366949
7.16961460788783
4.170200988542655
4.170200988542655
4.170200988542655
4.170200988542655
4.170200988542655
6.754489700031457
6.552769106588405
5.657362007392236
53.8350338996997686
59.966162319044514
63.179152108983054
63.692402148209624
64.76787519252873
60.31083426254645
57.865639191893966
5.213210934806997
4.816833680183232
9.2461972580816
54.13166581122146
55.36864524663091
54.05842444643808
54.035624490693785
55.65238102084739
68.413766806691426
63.6030142405492978
13.56167528044641
2.6244382228814596
32.75195245666056
31.535990851620184
28.9721000280447
34.32921043315015
33.12921674393815
8.318909382641806
34.544549787438775
11.31346417120118
5.382490699876429
44.88753213296779
36.65480896549802
39.7767229876981
38.303063647170276
37.11912179020483
11.456719635672929
46.39063532470796
28.068153245706117
36.24426844666