[['1993-04-21', 3019, [12.54434702, 14.03443785, 15.44216944, 16.90193893, 18.46447273,
       20.00018188, 21.29433461], [11.5748623 , 11.84913581, 12.38479163, 11.81659833, 12.92380345,
       15.02954725, 18.43669289]],
['1997-04-21', 3019, [12.54434702, 14.03443785, 15.44216944, 16.90193893, 18.46447273,
       20.00018188, 21.29433461], [11.09717922, 11.49005299, 12.68396906, 12.44546311, 14.63777922,
       17.37016338, 20.99810576]],
['2001-04-21', 3019, [12.54434702, 14.03443785, 15.44216944, 16.90193893, 18.46447273,
       20.00018188, 21.29433461], [11.8341298 , 12.76695799, 14.20706605, 14.19050952, 16.75037826,
       19.55519887, 23.11903781]],
['2012-04-21', 3019, [12.54434702, 14.03443785, 15.44216944, 16.90193893, 18.46447273,
       20.00018188, 21.29433461], [11.29308293, 11.84795208, 12.95289624, 12.64573088, 14.95633618,
       17.6521986 , 21.19943548]],
['1989-04-28', 3019, [44.84781231, 45.86265072, 46.58193452, 47.04822455, 47.4870002 ,
       48.0114042 , 48.67204964], [44.85000013, 45.86803212, 46.59055792, 47.0590168 , 47.4987293 ,
       48.02121752, 48.6778915 ]],
['2003-04-28', 3019, [44.84781231, 45.86265072, 46.58193452, 47.04822455, 47.4870002 ,
       48.0114042 , 48.67204964], [44.85000013, 45.86803212, 46.59055792, 47.0590168 , 47.4987293 ,
       48.02121752, 48.6778915 ]],
['2005-04-28', 3019, [44.84781231, 45.86265072, 46.58193452, 47.04822455, 47.4870002 ,
       48.0114042 , 48.67204964], [44.95499633, 46.00057007, 46.96657034, 47.58301631, 48.26200727,
       48.83676588, 49.65524526]],
['2013-04-28', 3019, [44.84781231, 45.86265072, 46.58193452, 47.04822455, 47.4870002 ,
       48.0114042 , 48.67204964], [44.85000013, 45.86803212, 46.59055792, 47.0590168 , 47.4987293 ,
       48.02121752, 48.6778915 ]],
['1993-04-21', 3027, [28.1768156 , 30.74469968, 33.27791902, 35.76007932, 38.34712226,
       40.84270514, 43.24510776], [28.18467766, 30.76299846, 33.30577869, 35.79633777, 38.39213297,
       40.8962974 , 43.3071454 ]],
['1997-04-21', 3027, [28.1768156 , 30.74469968, 33.27791902, 35.76007932, 38.34712226,
       40.84270514, 43.24510776], [28.18467766, 30.76299846, 33.30577869, 35.79633777, 38.39213297,
       40.8962974 , 43.3071454 ]],
['2001-04-21', 3027, [28.1768156 , 30.74469968, 33.27791902, 35.76007932, 38.34712226,
       40.84270514, 43.24510776], [28.18467766, 30.76299846, 33.30577869, 35.79633777, 38.39213297,
       40.8962974 , 43.3071454 ]],
['2004-04-21', 3027, [28.1768156 , 30.74469968, 33.27791902, 35.76007932, 38.34712226,
       40.84270514, 43.24510776], [28.18467766, 30.76299846, 33.30577869, 35.79633777, 38.39213297,
       40.8962974 , 43.3071454 ]],
['2012-04-21', 3027, [28.1768156 , 30.74469968, 33.27791902, 35.76007932, 38.34712226,
       40.84270514, 43.24510776], [28.18467766, 30.76299846, 33.30577869, 35.79633777, 38.39213297,
       40.8962974 , 43.3071454 ]],
['1989-04-28', 3027, [66.89843295, 67.99065029, 68.98654847, 70.0040116 , 71.09757108,
       72.25631404, 73.39637175], [66.90397313, 68.00244955, 69.00399458, 70.02710128, 71.12584303,
       72.28981941, 73.4349556 ]],
['2003-04-28', 3027, [66.89843295, 67.99065029, 68.98654847, 70.0040116 , 71.09757108,
       72.25631404, 73.39637175], [66.08048412, 66.937706  , 65.79464228, 66.46024953, 67.67427914,
       67.16412959, 67.0843485 ]],
['2005-04-28', 3027, [66.89843295, 67.99065029, 68.98654847, 70.0040116 , 71.09757108,
       72.25631404, 73.39637175], [61.62899617, 57.44563389, 50.66143545, 44.82524564, 41.56749581,
       37.48608514, 34.11227239]],
['2013-04-28', 3027, [66.89843295, 67.99065029, 68.98654847, 70.0040116 , 71.09757108,
       72.25631404, 73.39637175], [61.39464753, 57.87041721, 51.22972672, 44.99324336, 41.72510592,
       37.94312001, 35.18069962]],
['1997-04-21', 3028, [122.30802366, 127.12335557, 131.85934313, 136.6182814 ,
       141.35929856, 146.12063349, 150.86443528], [122.32105953, 127.15218928, 131.90317103, 136.67715437,
       141.43241969, 146.20699759, 150.96410721]],
['2001-04-21', 3028, [122.30802366, 127.12335557, 131.85934313, 136.6182814 ,
       141.35929856, 146.12063349, 150.86443528], [122.32105953, 127.15218928, 131.90317103, 136.67715437,
       141.43241969, 146.20699759, 150.96410721]],
['2004-04-21', 3028, [122.30802366, 127.12335557, 131.85934313, 136.6182814 ,
       141.35929856, 146.12063349, 150.86443528], [122.32105953, 127.15218928, 131.90317103, 136.67715437,
       141.43241969, 146.20699759, 150.96410721]],
['2012-04-21', 3028, [122.30802366, 127.12335557, 131.85934313, 136.6182814 ,
       141.35929856, 146.12063349, 150.86443528], [122.32105953, 127.15218928, 131.90317103, 136.67715437,
       141.43241969, 146.20699759, 150.96410721]],
['1989-04-28', 3028, [196.50970744, 199.00864282, 201.71620388, 204.36451461,
       206.83465667, 209.24644842, 211.67722088], [192.91457961, 192.83714262, 193.38545593, 193.66072661,
       195.03059891, 194.68849665, 193.12708342]],
['2003-04-28', 3028, [196.50970744, 199.00864282, 201.71620388, 204.36451461,
       206.83465667, 209.24644842, 211.67722088], [195.06117403, 194.55845028, 194.22333846, 193.79118658,
       195.00508733, 194.89109075, 193.98047546]],
['2005-04-28', 3028, [196.50970744, 199.00864282, 201.71620388, 204.36451461,
       206.83465667, 209.24644842, 211.67722088], [190.18872481, 186.12879348, 182.82514033, 179.87376796,
       177.44519279, 171.68769512, 164.23084222]],
['2013-04-28', 3028, [196.50970744, 199.00864282, 201.71620388, 204.36451461,
       206.83465667, 209.24644842, 211.67722088], [193.42441428, 193.77887154, 194.64364003, 195.04585299,
       196.43536212, 196.2407714 , 194.51335423]],
['1993-04-21', 3029, [38.98422246, 42.27382521, 45.62978111, 49.19640616, 52.65851843,
       56.32256398, 60.13962853], [38.14910607, 42.02150381, 44.96858399, 46.82590787, 47.41978641,
       48.29198508, 50.41748824]],
['1997-04-21', 3029, [38.98422246, 42.27382521, 45.62978111, 49.19640616, 52.65851843,
       56.32256398, 60.13962853], [37.90879779, 39.8381491 , 41.66878109, 43.22578868, 43.76802809,
       44.47602189, 46.19057387]],
['2001-04-21', 3029, [38.98422246, 42.27382521, 45.62978111, 49.19640616, 52.65851843,
       56.32256398, 60.13962853], [38.17678854, 41.49877369, 45.79164721, 49.40480982, 52.89307042,
       56.85239458, 61.75840469]],
['2004-04-21', 3029, [38.98422246, 42.27382521, 45.62978111, 49.19640616, 52.65851843,
       56.32256398, 60.13962853], [38.36442121, 40.00384971, 43.2428306 , 47.48398228, 52.43814436,
       58.60664375, 65.53703797]],
['2012-04-21', 3029, [38.98422246, 42.27382521, 45.62978111, 49.19640616, 52.65851843,
       56.32256398, 60.13962853], [39.96366768, 44.59467109, 50.03503649, 54.94536715, 59.5240137 ,
       64.44803644, 69.28096578]],
['1989-04-28', 3029, [119.89463182, 121.0878479 , 122.50367547, 123.7137795 ,
       124.95245428, 126.27493197, 127.71301008], [119.90165773, 121.10542775, 122.53183338, 123.74991749,
       124.99509509, 126.32160679, 127.76074902]],
['2003-04-28', 3029, [119.89463182, 121.0878479 , 122.50367547, 123.7137795 ,
       124.95245428, 126.27493197, 127.71301008], [119.90165773, 121.10542775, 122.53183338, 123.74991749,
       124.99509509, 126.32160679, 127.76074902]],
['2005-04-28', 3029, [119.89463182, 121.0878479 , 122.50367547, 123.7137795 ,
       124.95245428, 126.27493197, 127.71301008], [119.90165773, 121.10542775, 122.53183338, 123.74991749,
       124.99509509, 126.32160679, 127.76074902]],
['2013-04-28', 3029, [119.89463182, 121.0878479 , 122.50367547, 123.7137795 ,
       124.95245428, 126.27493197, 127.71301008], [119.70697923, 120.7862381 , 122.13087962, 123.28172379,
       124.47659406, 125.63646509, 126.77331431]],
['1993-04-21', 3030, [36.69901219, 40.30736676, 44.1747274 , 48.0639381 , 51.84868168,
       55.57919658, 59.26915391], [36.70959816, 40.3317127 , 44.21404809, 48.11785607, 51.9179728 ,
       55.66426608, 59.36923033]],
['1997-04-21', 3030, [36.69901219, 40.30736676, 44.1747274 , 48.0639381 , 51.84868168,
       55.57919658, 59.26915391], [36.70959816, 40.3317127 , 44.21404809, 48.11785607, 51.9179728 ,
       55.66426608, 59.36923033]],
['2001-04-21', 3030, [36.69901219, 40.30736676, 44.1747274 , 48.0639381 , 51.84868168,
       55.57919658, 59.26915391], [37.50405265, 42.21608302, 48.31878124, 54.36166405, 60.17845993,
       65.1283175 , 69.91343082]],
['2004-04-21', 3030, [36.69901219, 40.30736676, 44.1747274 , 48.0639381 , 51.84868168,
       55.57919658, 59.26915391], [36.80565876, 39.85112139, 45.01571438, 50.89674906, 57.2419707 ,
       62.78475517, 68.09453679]],
['2012-04-21', 3030, [36.69901219, 40.30736676, 44.1747274 , 48.0639381 , 51.84868168,
       55.57919658, 59.26915391], [36.70959816, 40.3317127 , 44.21404809, 48.11785607, 51.9179728 ,
       55.66426608, 59.36923033]],
['1989-04-28', 3030, [36.70731797, 39.73473643, 42.9257051 , 46.22878032, 49.49475628,
       52.77586642, 55.95097644], [34.45173035, 33.62252869, 32.0674097 , 31.74207731, 33.49084219,
       35.55903519, 36.97879329]],
['2003-04-28', 3030, [36.70731797, 39.73473643, 42.9257051 , 46.22878032, 49.49475628,
       52.77586642, 55.95097644], [34.74131807, 33.79681373, 32.09037424, 31.7098827 , 33.51666444,
       35.70376394, 37.2848554 ]],
['2005-04-28', 3030, [36.70731797, 39.73473643, 42.9257051 , 46.22878032, 49.49475628,
       52.77586642, 55.95097644], [35.36591885, 35.2167078 , 33.7428262 , 32.77873368, 33.57130026,
       33.30360613, 32.29084079]],
['2013-04-28', 3030, [36.70731797, 39.73473643, 42.9257051 , 46.22878032, 49.49475628,
       52.77586642, 55.95097644], [33.16683025, 32.00275739, 28.65076723, 25.43364869, 23.09897282,
       20.17533913, 16.80803667]],
['1993-04-21', 3035, [46.52952316, 48.48625786, 50.64803745, 52.95576453, 55.3318344 ,
       57.67913878, 60.10155507], [46.53449109, 48.49737439, 50.66602907, 52.98099574, 55.36451473,
       57.71912002, 60.14916872]],
['1997-04-21', 3035, [46.52952316, 48.48625786, 50.64803745, 52.95576453, 55.3318344 ,
       57.67913878, 60.10155507], [46.53449109, 48.49737439, 50.66602907, 52.98099574, 55.36451473,
       57.71912002, 60.14916872]],
['2001-04-21', 3035, [46.52952316, 48.48625786, 50.64803745, 52.95576453, 55.3318344 ,
       57.67913878, 60.10155507], [46.53449109, 48.49737439, 50.66602907, 52.98099574, 55.36451473,
       57.71912002, 60.14916872]],
['2004-04-21', 3035, [46.52952316, 48.48625786, 50.64803745, 52.95576453, 55.3318344 ,
       57.67913878, 60.10155507], [46.53449109, 48.49737439, 50.66602907, 52.98099574, 55.36451473,
       57.71912002, 60.14916872]],
['2012-04-21', 3035, [46.52952316, 48.48625786, 50.64803745, 52.95576453, 55.3318344 ,
       57.67913878, 60.10155507], [46.53449109, 48.49737439, 50.66602907, 52.98099574, 55.36451473,
       57.71912002, 60.14916872]],
['1989-04-28', 3035, [19.26093949, 21.31700245, 23.73399187, 26.13329676, 28.45220748,
       30.76129875, 33.24586021], [19.80476569, 21.78698087, 25.46121229, 27.0980223 , 29.08476622,
       31.9320356 , 33.46868829]],
['2003-04-28', 3035, [19.26093949, 21.31700245, 23.73399187, 26.13329676, 28.45220748,
       30.76129875, 33.24586021], [17.72747471, 14.49877011, 12.98638686, 11.38566768, 12.72581525,
       17.69728597, 20.25930712]],
['2005-04-28', 3035, [19.26093949, 21.31700245, 23.73399187, 26.13329676, 28.45220748,
       30.76129875, 33.24586021], [18.60691195, 19.40758909, 23.52062554, 25.27297957, 27.90854666,
       30.63311213, 32.459455  ]],
['2013-04-28', 3035, [19.26093949, 21.31700245, 23.73399187, 26.13329676, 28.45220748,
       30.76129875, 33.24586021], [18.75036759, 19.9530624 , 22.61864703, 23.69387601, 25.38681264,
       27.92977907, 29.81014755]],
['1993-04-21', 3041, [-2.38244259, -0.09637338,  2.51930929,  5.34365206,  8.30673895,
       11.37106303, 14.49658602], [11.33940861, 27.93549058, 23.17633045, 22.53200332, 55.61874365,
       96.36617289, 97.73097681]],
['1997-04-21', 3041, [-2.38244259, -0.09637338,  2.51930929,  5.34365206,  8.30673895,
       11.37106303, 14.49658602], [ 15.20746594,  31.06635168,  25.84726295,  24.65357952,
        59.38618186, 101.24536045, 101.44016676]],
['2001-04-21', 3041, [-2.38244259, -0.09637338,  2.51930929,  5.34365206,  8.30673895,
       11.37106303, 14.49658602], [ 15.11882243,  31.09296145,  26.15880641,  25.25042638,
        60.06711948, 101.98478373, 102.27225797]],
['2004-04-21', 3041, [-2.38244259, -0.09637338,  2.51930929,  5.34365206,  8.30673895,
       11.37106303, 14.49658602], [ 16.05572666,  32.72667824,  28.35785609,  27.38046846,
        61.5221995 , 103.09773862, 102.98064903]],
['2012-04-21', 3041, [-2.38244259, -0.09637338,  2.51930929,  5.34365206,  8.30673895,
       11.37106303, 14.49658602], [ 7.7800972 , 24.33875798, 20.8581502 , 21.64726105, 56.60369534,
       98.08508553, 99.28113912]],
['1989-04-28', 3041, [ 5.65909992,  7.50283017,  9.38269767, 11.3463741 , 13.46254996,
       15.70567475, 17.96522643], [ 4.08900967,  2.9339723 ,  3.83480335,  6.9017026 ,  7.80401752,
       12.03452473, 22.55969603]],
['2003-04-28', 3041, [ 5.65909992,  7.50283017,  9.38269767, 11.3463741 , 13.46254996,
       15.70567475, 17.96522643], [ 4.82403677,  3.46033567, -0.53824267, -3.28713307, -3.57195544,
       -2.66050781,  0.27469798]],
['2005-04-28', 3041, [ 5.65909992,  7.50283017,  9.38269767, 11.3463741 , 13.46254996,
       15.70567475, 17.96522643], [ 6.42577373,  4.39249513, -1.82939986, -1.809377  , -2.03673793,
       -2.44576568,  0.73596685]],
['2013-04-28', 3041, [ 5.65909992,  7.50283017,  9.38269767, 11.3463741 , 13.46254996,
       15.70567475, 17.96522643], [ 4.85784724,  2.64524514, -2.84329078, -6.7464995 , -8.30906619,
       -8.73793697, -6.94476379]],
['1993-04-21', 3045, [-255.48824876, -253.08127084, -250.08791349, -246.79157935,
       -243.45281094, -239.9761741 , -236.48311348], [-258.13834741, -253.05253247, -239.54233513, -214.7237276 ,
       -198.38549888, -184.5997107 , -158.81144865]],
['1997-04-21', 3045, [-255.48824876, -253.08127084, -250.08791349, -246.79157935,
       -243.45281094, -239.9761741 , -236.48311348], [-256.32165592, -250.82294349, -237.7242525 , -213.12809334,
       -196.68815108, -182.85803909, -157.50505876]],
['2001-04-21', 3045, [-255.48824876, -253.08127084, -250.08791349, -246.79157935,
       -243.45281094, -239.9761741 , -236.48311348], [-258.1524511 , -253.08070192, -239.59911812, -214.80822935,
       -198.48941186, -184.69388593, -158.91419146]],
['2004-04-21', 3045, [-255.48824876, -253.08127084, -250.08791349, -246.79157935,
       -243.45281094, -239.9761741 , -236.48311348], [-257.74017868, -252.23089017, -238.67408835, -214.04771754,
       -198.118907  , -184.91960516, -159.60430975]],
['2012-04-21', 3045, [-255.48824876, -253.08127084, -250.08791349, -246.79157935,
       -243.45281094, -239.9761741 , -236.48311348], [-255.891955  , -250.85907656, -237.69514841, -213.20510093,
       -196.66406745, -182.43646668, -156.7066689 ]],
['1989-04-28', 3045, [-238.04354182, -236.32957806, -234.41648967, -232.24701641,
       -230.09194783, -227.77047158, -225.47746332], [-238.75074003, -240.62262151, -249.01468713, -253.57024503,
       -252.97813153, -246.00114537, -235.84069574]],
['2003-04-28', 3045, [-238.04354182, -236.32957806, -234.41648967, -232.24701641,
       -230.09194783, -227.77047158, -225.47746332], [-241.67592223, -241.13802322, -243.43780697, -243.80558334,
       -243.92371552, -243.29494584, -243.35857703]],
['2005-04-28', 3045, [-238.04354182, -236.32957806, -234.41648967, -232.24701641,
       -230.09194783, -227.77047158, -225.47746332], [-243.2696591 , -245.65399213, -252.63073383, -257.72326446,
       -260.71781603, -255.61333843, -245.78580871]],
['2013-04-28', 3045, [-238.04354182, -236.32957806, -234.41648967, -232.24701641,
       -230.09194783, -227.77047158, -225.47746332], [-241.2877903 , -240.17734822, -241.92801781, -242.15866055,
       -242.59543424, -242.52899917, -242.74518578]],
['1993-04-21', 3050, [ 92.47254695,  95.83213505,  99.52976597, 103.37916696,
       107.40401048, 111.38117542, 115.26123981], [ 91.9562896 ,  91.6655622 ,  95.43148471, 101.02068052,
       136.00798424, 137.77237691, 140.50953265]],
['1997-04-21', 3050, [ 92.47254695,  95.83213505,  99.52976597, 103.37916696,
       107.40401048, 111.38117542, 115.26123981], [ 90.44795013,  90.09944815,  93.55468112,  99.6800904 ,
       134.15600667, 135.82640918, 139.16602619]],
['2001-04-21', 3050, [ 92.47254695,  95.83213505,  99.52976597, 103.37916696,
       107.40401048, 111.38117542, 115.26123981], [ 89.23625969,  88.25562719,  92.10115277,  97.67294019,
       130.78036888, 132.48033171, 134.5534604 ]],
['2004-04-21', 3050, [ 92.47254695,  95.83213505,  99.52976597, 103.37916696,
       107.40401048, 111.38117542, 115.26123981], [ 95.50238423,  94.4688219 ,  99.46755207, 104.65004862,
       138.34852692, 139.9391382 , 141.47619677]],
['2012-04-21', 3050, [ 92.47254695,  95.83213505,  99.52976597, 103.37916696,
       107.40401048, 111.38117542, 115.26123981], [ 94.78031767,  95.20325433,  98.93248814, 103.9405453 ,
       137.74952064, 137.98049998, 138.80053617]],
['1989-04-28', 3050, [81.19523833, 82.9913946 , 85.23982406, 87.94841168, 90.97042758,
       93.8640257 , 96.96207256], [77.20746431, 77.26249948, 72.16528317, 80.39607189, 83.01986424,
       85.01663821, 85.65870785]],
['2003-04-28', 3050, [81.19523833, 82.9913946 , 85.23982406, 87.94841168, 90.97042758,
       93.8640257 , 96.96207256], [ 84.00251293,  93.75398532, 101.32640393, 109.25851239,
       112.29825079, 119.09561096, 123.9876289 ]],
['2005-04-28', 3050, [81.19523833, 82.9913946 , 85.23982406, 87.94841168, 90.97042758,
       93.8640257 , 96.96207256], [78.62268345, 79.75687821, 76.03386111, 85.2663783 , 87.57858699,
       89.08074442, 90.179013  ]],
['2013-04-28', 3050, [81.19523833, 82.9913946 , 85.23982406, 87.94841168, 90.97042758,
       93.8640257 , 96.96207256], [77.38261832, 76.46879173, 70.57689928, 78.15023422, 79.40414875,
       80.2696712 , 79.37724974]],
['1993-04-21', 3230, [ 92.14943   ,  94.94960656,  98.31455106, 102.05983305,
       105.96643681, 109.86892035, 113.66023245], [ 93.50198725, 100.70552658, 101.66056212, 131.48285082,
       141.20595132, 151.25484924, 170.10239049]],
['1997-04-21', 3230, [ 92.14943   ,  94.94960656,  98.31455106, 102.05983305,
       105.96643681, 109.86892035, 113.66023245], [ 95.05535959, 100.57123216, 100.18569232, 125.85592091,
       132.1542131 , 139.51288349, 154.85291902]],
['2001-04-21', 3230, [ 92.14943   ,  94.94960656,  98.31455106, 102.05983305,
       105.96643681, 109.86892035, 113.66023245], [ 93.71532762,  99.98746881,  99.59164513, 127.07340102,
       134.77678056, 143.99600673, 161.9076274 ]],
['2004-04-21', 3230, [ 92.14943   ,  94.94960656,  98.31455106, 102.05983305,
       105.96643681, 109.86892035, 113.66023245], [ 93.6010962 , 100.2750091 , 100.52402455, 127.8150335 ,
       135.12406523, 141.89929215, 156.7561309 ]],
['2012-04-21', 3230, [ 92.14943   ,  94.94960656,  98.31455106, 102.05983305,
       105.96643681, 109.86892035, 113.66023245], [ 94.86833591, 100.66595541, 100.15749679, 126.18530279,
       132.63871402, 140.02128337, 155.85668088]],
['1989-04-28', 3230, [117.06785384, 118.95372038, 121.18566092, 123.61604201,
       126.29905421, 128.9807399 , 131.65249451], [115.50211571, 114.21704978, 111.3600254 , 109.77460025,
       106.51581853, 103.1599717 , 101.47107381]],
['2003-04-28', 3230, [117.06785384, 118.95372038, 121.18566092, 123.61604201,
       126.29905421, 128.9807399 , 131.65249451], [115.7699582 , 111.24657958, 101.87262189,  86.10268802,
        68.87461293,  55.62412594,  36.32135826]],
['2005-04-28', 3230, [117.06785384, 118.95372038, 121.18566092, 123.61604201,
       126.29905421, 128.9807399 , 131.65249451], [114.18276874, 109.2177964 , 101.61139669,  94.23894161,
        87.24804521,  80.03897876,  75.55078974]],
['2013-04-28', 3230, [117.06785384, 118.95372038, 121.18566092, 123.61604201,
       126.29905421, 128.9807399 , 131.65249451], [117.48680897, 114.39861675, 103.17324093,  90.76317103,
        78.45677507,  69.12103761,  57.43482337]]]
