8.243931090263862
8.243931090263862
8.243931090263862
8.243931090263862
6.636126144682871
6.636126144682871
6.636126144682871
6.636126144682871
10.10113510080404
10.10113510080404
10.10113510080404
10.10113510080404
10.10113510080404
2.82462880396259
2.82462880396259
2.82462880396259
2.82462880396259
9.060054891867889
9.060054891867889
9.060054891867889
9.060054891867889
7.196029214480236
7.196029214480236
7.196029214480236
7.196029214480236
2.363061965587449
2.363061965587449
2.363061965587449
2.363061965587449
2.363061965587449
1.6347129516189218
1.6347129516189218
1.6347129516189218
1.6347129516189218
13.937525932942103
13.937525932942103
13.937525932942103
13.937525932942103
13.937525932942103
6.941931907367361
6.941931907367361
6.941931907367361
6.941931907367361
4.141745288005023
4.141745288005023
4.141745288005023
4.141745288005023
4.141745288005023
6.082727544372019
6.082727544372019
6.082727544372019
6.082727544372019
9.318121269123814
9.318121269123814
9.318121269123814
9.318121269123814
9.318121269123814
8.615229875716402
8.615229875716402
8.615229875716402
8.615229875716402
12.47483511477468
12.47483511477468
12.47483511477468
12.47483511477468
12.47483511477468
8.505973634996
8.505973634996
8.505973634996
8.505973634996
16.48679114544677
16.48679114544677
16.48679114544677
16.48679114544677
16.48679114544677
15.242281499665168
15.242281499665168
15.242281499665168
15.242281499665168
13.319905627403788
13.319905627403788
13.319905627403788
13.319905627403788
13.319905627403788
6.699425352951618
6.699425352951618
6.699425352951618
6.699425352951618